00000000001000001111101010110011 
00000001010100011110101100110011 
00000001010110110000101110110011
01000001011010111000110000110011
00000000011111000000110010010011 
00000000101101010000100101100011
00000000011111111000111110010011
00000000000000000000000000000000
00000000000000000000000000000000
00000000000000000000000000000000
00000000000000000000000000000000
00000000000000000000000000000000
00000000000000000000000000000000
00000000000000000000000000000000
00000000000000000000000000000000
00000000011111001010110100000011
00000001101011001010011110100011
00000001100111010001110110110011
01000001001010001101111000110011
00000001010010011000111011111111
